[0.4835164835164835, 5000, 0.7]
[0.4945054945054945, 5000, 0.834]
[0.4945054945054945, 5000, 0.836]
[0.5054945054945055, 5000, 0.702]
[0.5054945054945055, 5000, 0.708]
[0.5054945054945055, 5000, 0.806]
[0.5054945054945055, 5000, 0.832]
[0.5054945054945055, 5000, 0.84]
[0.5054945054945055, 5000, 0.842]
[0.5054945054945055, 5000, 0.844]
[0.5054945054945055, 5000, 0.848]
[0.5164835164835165, 5000, 0.704]
[0.5164835164835165, 5000, 0.706]
[0.5164835164835165, 5000, 0.71]
[0.5164835164835165, 5000, 0.808]
[0.5164835164835165, 5000, 0.816]
[0.5164835164835165, 5000, 0.83]
[0.5164835164835165, 5000, 0.838]
[0.5164835164835165, 5000, 0.846]
[0.5274725274725275, 5000, 0.792]
[0.5274725274725275, 5000, 0.804]
[0.5274725274725275, 5000, 0.81]
[0.5274725274725275, 5000, 0.812]
[0.5274725274725275, 5000, 0.814]
[0.5274725274725275, 5000, 0.818]
[0.5274725274725275, 5000, 0.824]
[0.5274725274725275, 5000, 0.826]
[0.5274725274725275, 5000, 0.828]
[0.5384615384615384, 5000, 0.712]
[0.5384615384615384, 5000, 0.714]
[0.5384615384615384, 5000, 0.788]
[0.5384615384615384, 5000, 0.79]
[0.5384615384615384, 5000, 0.794]
[0.5384615384615384, 5000, 0.796]
[0.5384615384615384, 5000, 0.798]
[0.5384615384615384, 5000, 0.8]
[0.5384615384615384, 5000, 0.802]
[0.5384615384615384, 5000, 0.82]
[0.5494505494505495, 5000, 0.716]
[0.5494505494505495, 5000, 0.718]
[0.5494505494505495, 5000, 0.72]
[0.5494505494505495, 5000, 0.726]
[0.5494505494505495, 5000, 0.728]
[0.5494505494505495, 5000, 0.822]
[0.5604395604395604, 5000, 0.724]
[0.5604395604395604, 5000, 0.732]
[0.5604395604395604, 5000, 0.734]
[0.5604395604395604, 5000, 0.754]
[0.5604395604395604, 5000, 0.78]
[0.5604395604395604, 5000, 0.782]
[0.5604395604395604, 5000, 0.784]
[0.5604395604395604, 5000, 0.786]
[0.5714285714285714, 5000, 0.722]
[0.5714285714285714, 5000, 0.73]
[0.5714285714285714, 5000, 0.736]
[0.5714285714285714, 5000, 0.74]
[0.5714285714285714, 5000, 0.742]
[0.5714285714285714, 5000, 0.748]
[0.5714285714285714, 5000, 0.75]
[0.5714285714285714, 5000, 0.77]
[0.5714285714285714, 5000, 0.776]
[0.5824175824175825, 5000, 0.744]
[0.5824175824175825, 5000, 0.746]
[0.5824175824175825, 5000, 0.752]
[0.5824175824175825, 5000, 0.76]
[0.5824175824175825, 5000, 0.762]
[0.5824175824175825, 5000, 0.774]
[0.5824175824175825, 5000, 0.778]
[0.5934065934065934, 5000, 0.738]
[0.5934065934065934, 5000, 0.758]
[0.5934065934065934, 5000, 0.768]
[0.5934065934065934, 5000, 0.772]
[0.6043956043956044, 5000, 0.756]
[0.6043956043956044, 5000, 0.764]
[0.6043956043956044, 5000, 0.766]
